7.968e+01 2.776e+01
3.161e+01 1.699e+02
4.379e+02 2.521e+02
9.605e+02 3.082e+02
1.511e+03 3.451e+02
2.056e+03 3.736e+02
2.776e+03 4.008e+02
3.360e+03 4.202e+02
3.953e+03 4.371e+02
4.682e+03 4.539e+02
5.281e+03 4.662e+02
6.004e+03 4.800e+02
6.592e+03 4.895e+02
7.235e+03 4.998e+02
7.942e+03 5.093e+02
8.605e+03 5.180e+02
9.311e+03 5.266e+02
9.943e+03 5.343e+02
1.073e+04 5.427e+02
1.131e+04 5.490e+02
1.206e+04 5.554e+02
1.272e+04 5.632e+02
1.336e+04 5.694e+02
1.409e+04 5.761e+02
1.475e+04 5.820e+02
1.539e+04 5.876e+02
1.613e+04 5.940e+02
1.677e+04 5.992e+02
1.755e+04 6.057e+02
1.820e+04 6.108e+02
1.887e+04 6.157e+02
1.960e+04 6.215e+02
2.025e+04 6.265e+02
2.090e+04 6.311e+02
2.168e+04 6.368e+02
2.232e+04 6.413e+02
2.298e+04 6.459e+02
2.374e+04 6.511e+02
2.440e+04 6.555e+02
2.506e+04 6.598e+02
2.584e+04 6.649e+02
2.654e+04 6.689e+02
2.716e+04 6.731e+02
2.793e+04 6.779e+02
2.858e+04 6.819e+02
2.924e+04 6.858e+02
3.380e+04 7.111e+02
3.417e+04 7.133e+02
3.482e+04 7.166e+02
3.554e+04 7.207e+02
3.621e+04 7.240e+02
3.686e+04 7.274e+02
3.762e+04 7.312e+02
3.830e+04 7.343e+02
3.896e+04 7.374e+02
3.975e+04 7.412e+02
4.040e+04 7.441e+02
4.107e+04 7.471e+02
4.175e+04 7.499e+02
4.254e+04 7.533e+02
4.318e+04 7.560e+02
4.385e+04 7.587e+02
4.463e+04 7.619e+02
4.528e+04 7.645e+02
4.595e+04 7.670e+02
4.662e+04 7.696e+02
4.730e+04 7.720e+02
4.810e+04 7.748e+02
4.875e+04 7.771e+02
4.943e+04 7.792e+02
5.013e+04 7.814e+02
5.091e+04 7.839e+02
5.157e+04 7.859e+02
5.226e+04 7.878e+02
5.294e+04 7.897e+02
5.375e+04 7.917e+02
5.440e+04 7.933e+02
5.508e+04 7.949e+02
5.583e+04 7.968e+02
5.654e+04 7.982e+02
5.713e+04 7.996e+02
5.794e+04 8.013e+02
5.863e+04 8.025e+02
5.930e+04 8.039e+02
5.995e+04 8.051e+02
6.078e+04 8.064e+02
6.144e+04 8.076e+02
6.210e+04 8.087e+02
6.278e+04 8.098e+02
6.357e+04 8.110e+02
6.424e+04 8.119e+02
6.491e+04 8.128e+02
6.559e+04 8.138e+02
6.638e+04 8.149e+02
6.705e+04 8.158e+02
6.772e+04 8.166e+02
6.853e+04 8.175e+02
6.920e+04 8.183e+02
6.989e+04 8.191e+02
7.055e+04 8.198e+02
7.136e+04 8.206e+02
7.201e+04 8.214e+02
7.269e+04 8.221e+02
7.339e+04 8.228e+02
7.418e+04 8.234e+02
7.488e+04 8.241e+02
7.556e+04 8.246e+02
7.620e+04 8.253e+02
7.701e+04 8.260e+02
7.772e+04 8.265e+02
7.837e+04 8.270e+02
7.904e+04 8.276e+02
7.972e+04 8.281e+02
8.051e+04 8.287e+02
8.118e+04 8.292e+02
8.186e+04 8.296e+02
8.269e+04 8.301e+02
8.325e+04 8.305e+02
8.408e+04 8.311e+02
8.472e+04 8.315e+02
8.538e+04 8.319e+02
8.621e+04 8.324e+02
8.683e+04 8.328e+02
8.750e+04 8.331e+02
8.830e+04 8.336e+02
8.896e+04 8.340e+02
8.964e+04 8.343e+02
9.034e+04 8.347e+02
9.112e+04 8.351e+02
9.182e+04 8.354e+02
9.248e+04 8.358e+02
9.327e+04 8.360e+02
9.396e+04 8.364e+02
9.463e+04 8.367e+02
9.530e+04 8.370e+02
9.611e+04 8.374e+02
9.677e+04 8.376e+02
9.745e+04 8.379e+02
9.812e+04 8.382e+02
9.892e+04 8.386e+02
9.964e+04 8.388e+02
1.003e+05 8.390e+02
1.010e+05 8.392e+02
1.018e+05 8.395e+02
1.025e+05 8.398e+02
1.031e+05 8.400e+02
1.039e+05 8.403e+02
1.046e+05 8.406e+02
1.053e+05 8.409e+02
1.059e+05 8.410e+02
1.067e+05 8.413e+02
1.074e+05 8.415e+02
1.081e+05 8.417e+02
1.088e+05 8.418e+02
1.096e+05 8.421e+02
1.102e+05 8.423e+02
1.109e+05 8.423e+02
1.117e+05 8.426e+02
1.124e+05 8.427e+02
1.164e+05 8.438e+02
1.167e+05 8.438e+02
1.173e+05 8.441e+02
1.180e+05 8.442e+02
1.187e+05 8.443e+02
1.194e+05 8.445e+02
1.202e+05 8.446e+02
1.209e+05 8.447e+02
1.215e+05 8.449e+02
1.223e+05 8.451e+02
1.230e+05 8.453e+02
1.237e+05 8.453e+02
1.244e+05 8.454e+02
1.251e+05 8.455e+02
1.258e+05 8.457e+02
1.265e+05 8.458e+02
1.272e+05 8.459e+02
1.280e+05 8.461e+02
1.287e+05 8.462e+02
1.293e+05 8.462e+02
1.301e+05 8.465e+02
1.308e+05 8.465e+02
1.315e+05 8.466e+02
1.322e+05 8.467e+02
1.330e+05 8.469e+02
1.337e+05 8.470e+02
1.343e+05 8.471e+02
1.351e+05 8.471e+02
1.358e+05 8.473e+02
1.365e+05 8.474e+02
1.371e+05 8.476e+02
1.378e+05 8.476e+02
1.386e+05 8.477e+02
1.393e+05 8.478e+02
1.400e+05 8.478e+02
